10 10
24329.50273519359 23807.986344348992 27149.63947678659 14811.728160593979 25877.216647692283 33940.699599639694 30755.8064755695 20351.68660598356 17467.781559751413 24415.399415415348
18238.614650971453 23610.447514381172 26427.511964175894 13122.660846240762 22093.508235011755 23494.01180730869 20460.1881650655 17177.6181327449 12283.944397074909 16935.454071796023
18275.4147078529 20160.48262810241 24598.145007731066 12158.333066213054 29421.703313922764 32576.711103797745 25788.858149266962 17461.614051175206 17780.33542844916 23174.93493671598
14887.891906392519 20406.037567295534 21229.68573161999 9688.746402352419 25510.53413531382 23140.645634425695 15951.199483871145 19560.208346710755 13544.690018149027 11964.136330519243
18486.827152590162 21044.45170059199 23519.23549806985 10755.075624186898 21193.386824923557 20482.15097360978 21958.775148563058 20285.642057903595 12427.246822875399 18367.876112137965
13282.119937336625 9546.285123349411 14081.300779511872 4561.311474095889 23691.815117189923 16615.74150980517 9236.960856873437 9279.490461823796 5564.628975298845 12920.684034604774
13687.354073210809 17686.29261293418 15764.478697461804 9308.24436674872 24870.079845199994 29402.32902207282 23274.36314184172 16022.2023501836 18123.84975375047 16809.358800758717
26871.922009435955 31454.084745406813 33618.573185236426 16887.480467550442 37397.68581957163 43271.878339747396 30982.36693696429 29378.602688047802 19191.681274376846 26871.20409616634
14695.77030242087 19755.70950972956 19236.336745077147 9412.437590484906 16836.652025079948 19483.856333011685 20386.251723647594 18796.339826475232 15281.538468509005 12774.212263130165
23951.390158387196 27066.70773617006 27454.693034556833 14504.220167505206 28643.55212526415 31674.376605065536 22531.854779964513 21580.348892786864 9408.467928710545 23232.47968413101
